40
10 15
37 100
12 87
1000000 1000000000000000000
1000000 999999999999999973
1000000 999999999999999976
1000000 999999999999999977
999983 1000000000000000000
498960 973805381283058978
554400 967820035823149972
665280 958319892949093971
720720 929949969983998084
123456 1
980035 47
6 6
1000000 123456
55440 8899889988998899
17 8
210373 111111111111111111
125497 222222222222222227
598123 333333333333333982
443367 444444444444444560
515223 555555555555555227
887093 666666666666666638
318725 100000000000000007
10 15
37 100
12 87
123456 1
980035 47
1000000 123456
1000000 1000000
210373 1000000
887093 999999
318725 999987
887093 989898
318725 1000000
510510 900000
510510 900010
2 999999
