25
4 35
6 10 25 15
2 57
20 40
10 1
100 200 300 200 100 100 99 100 89 100
10 10
100 200 300 200 100 100 99 100 89 100
10 11
100 200 300 200 100 100 99 100 89 100
10 131
100 200 300 200 100 100 99 100 89 100
10 507
100 200 300 200 100 100 99 100 89 100
10 508
100 200 300 200 100 100 99 100 89 100
10 994
100 200 300 200 100 100 99 100 89 100
10 1378
100 200 300 200 100 100 99 100 89 100
10 1379
100 200 300 200 100 100 99 100 89 100
10 1388
100 200 300 200 100 100 99 100 89 100
2 99
49 51
2 98
49 51
10 1000000
100000 100000 100000 100000 100000 100000 100000 100000 100000 100199
10 1000000
100000 100000 100000 100000 100000 100000 100000 100000 100000 100200
10 1000000
5 6 7 8 9 3 10 100000000 100000000 100000000
3 6
5 6 9
7 6
1 1 1 1 1 2 1
5 12
5 6 3 7 4
10 1000000
123456 212321 99887 998877 443355 121212 987672 55667 99887 100001
10 1000000
123456 212321 99887 99887 443355 121212 98767 55667 99887 100001
10 998877
123456 212321 99887 99887 443355 121212 98767 55667 99887 100001
10 998379
123456 212321 99887 99887 443355 121212 98767 55667 99887 100001
10 998379
12345 212321 99887 99887 443355 12121 98767 55667 99887 100001
