25
10
-1 50
0 20
1 10
1 30
3 15
3 14
0 16
6 8
6 2
6 7
5
-1 100
0 15
0 18
0 22
0 27
2
-1 15
0 16
10
-1 70
0 13
1 0
2 89
3 16
4 90
5 14
6 89
7 87
8 42
10
-1 80
0 47
0 50
1 20
1 21
2 10
4 19
4 7
2 18
2 23
10
-1 0
0 1000000
0 1000000
0 1000000
0 1000000
0 1000000
0 1000000
0 1000000
0 1000000
0 1000000
10
-1 987654
0 222111
0 888777
1 111333
3 55001
3 55000
1 111222
4 30000
4 25002
8 25003
10
-1 987654
0 222111
0 888777
1 111002
3 55001
3 55000
1 111222
4 30000
4 25002
8 25003
10
-1 10
0 20
1 40
1 50
3 60
3 70
2 100
0 30
7 90
7 80
10
-1 10
0 231
1 40
1 50
3 60
3 70
2 100
0 30
7 90
7 80
10
-1 906627
8 726625
0 371923
2 913401
5 588580
6 768971
9 975643
4 869536
3 797452
1 368101
100
-1 764655
64 581754
93 757122
56 433172
45 671653
83 928110
44 462151
20 660311
86 83341
40 709059
97 497580
32 447869
24 45665
88 665732
87 240774
61 250211
70 226120
89 518117
66 389715
90 475137
10 615519
47 866369
35 527069
14 288652
94 341809
95 687236
62 764300
54 799087
71 215797
73 791224
39 625046
59 269909
1 760601
15 963008
55 968755
92 723287
41 985931
60 53658
46 39887
26 449373
84 295467
68 680529
48 511581
33 852832
74 826383
18 211353
72 728023
51 855973
30 17863
21 102582
4 887975
43 710298
5 271494
23 759150
42 200757
75 198912
19 502107
29 578371
38 223912
22 826468
13 727167
17 586011
8 701227
7 886956
82 512511
52 895710
3 363276
53 933258
81 425532
12 454972
27 288724
2 677371
63 686094
9 633792
98 953646
31 298521
91 607168
57 772403
65 63989
37 302840
67 806719
79 451214
80 988872
25 651353
28 98570
78 154062
85 88900
0 886590
99 112675
76 561185
96 623735
16 332242
77 257609
49 185083
58 449975
6 814179
11 873325
50 272801
36 605306
69 686439
99
-1 389258
0 384202
0 5009
1 374523
1 9680
3 368877
3 5647
5 361154
5 7724
7 351169
7 9986
9 344181
9 6989
11 337764
11 6418
13 330829
13 6936
15 325107
15 5723
17 315933
17 9175
19 306629
19 9305
21 296772
21 9858
23 287691
23 9082
25 280747
25 6945
27 274988
27 5760
29 269162
29 5827
31 263890
31 5273
33 254763
33 9128
35 249714
35 5050
37 243651
37 6064
39 233803
39 9849
41 224246
41 9558
43 215891
43 8356
45 208071
45 7821
47 198996
47 9076
49 193825
49 5172
51 184401
51 9425
53 176104
53 8298
55 168044
55 8061
57 158694
57 9351
59 152282
59 6413
61 146504
61 5779
63 138380
63 8125
65 131211
65 7170
67 121755
67 9457
69 116403
69 5353
71 106849
71 9555
73 97592
73 9258
75 92287
75 5306
77 82785
77 9503
79 74834
79 7952
81 65100
81 9735
83 56647
83 8454
85 49578
85 7070
87 41204
87 8375
89 31766
89 9439
91 23066
91 8701
93 15914
93 7153
95 9126
95 6789
100
-1 594680
0 122233
0 12096
0 2053
0 5363
0 143326
0 76186
3 3108
6 19846
6 16482
6 36863
6 22429
1 32978
1 24684
1 18384
1 39877
12 8146
12 8775
12 4593
12 1474
12 2845
12 5138
12 4085
8 5330
8 2764
8 3490
8 5347
8 2170
8 5629
8 5033
15 7773
15 13710
15 7603
15 972
15 12217
22 476
22 1708
22 1858
7 391
7 527
7 84
7 204
7 738
7 45
7 614
10 2044
10 1773
10 7274
10 2721
10 9640
10 8755
10 190
46 25
46 292
46 520
46 503
46 564
46 104
14 7008
14 287
19 712
49 195
49 2671
49 1251
49 1588
49 2589
49 2679
16 1525
16 1575
16 1533
16 935
16 45
16 2323
45 514
45 590
45 496
45 122
45 621
45 190
75 54
75 205
75 202
75 110
75 190
76 23
76 23
76 45
76 33
55 808
33 328
33 259
33 80
33 293
33 175
33 55
30 65
30 2790
30 459
30 599
30 2607
10
-1 660825
5 102242
0 788704
5 24942
5 147794
2 448894
2 475184
5 68398
5 21722
5 25748
100
-1 582030
82 10557
85 31
53 11876
53 3786
66 503
85 56
24 666
24 1114
22 10
32 24
8 227
52 22791
2 15
22 17
80 1129
2 15
56 2128
95 290
66 306
98 266
85 26
85 24
2 16
64 3944
0 263524
52 39344
22 14
58 682
58 611
80 1478
82 8785
70 402
80 794
64 2260
22 11
70 2068
70 1177
66 33
24 651
2 16
82 5613
2 15
52 10820
95 61
90 14
25 96697
32 188
95 268
58 54
70 3179
24 84
0 258124
0 55093
8 11
24 1002
81 6604
53 5506
56 1154
66 40
90 24
8 321
24 765
66 446
52 9649
8 63
64 1570
95 200
52 10903
85 48
68 12453
90 47
53 1131
66 493
24 329
56 3286
70 455
0 120030
64 1554
25 104897
52 12793
52 12303
43 16098
8 233
70 3251
95 162
25 70142
2 15
2 11
85 45
8 88
81 7908
32 120
22 17
95 153
56 987
80 2783
95 119
53 19937
22 16
100
-1 915117
56 4949
67 191
77 45712
94 90
79 1221
67 536
11 57
20 16844
18 4437
49 427
39 4406
72 2495
56 3350
51 787
77 61660
94 98
62 9158
62 10067
18 4589
85 68391
27 45018
11 34
25 2396
11 262
72 10004
3 12010
85 61639
79 4957
20 29551
20 25371
35 15587
85 44184
46 32
25 1017
72 8379
85 89853
62 145
49 174
3 9342
3 6706
39 255
85 59045
64 18510
80 163406
11 476
51 84
85 10521
80 221867
3 2911
72 14179
67 1246
95 20130
56 1710
72 11470
67 945
85 17132
64 14038
79 3397
80 209932
25 3317
39 1507
36 20458
67 557
77 32324
25 1183
94 84
79 4779
36 66645
72 6132
67 762
79 1480
95 57716
3 2523
67 781
94 120
94 28
0 345348
95 4031
64 16938
0 525549
52 18910
56 3145
18 3876
25 325
0 325158
49 237
51 63
11 996
79 1967
52 19768
62 2130
56 4768
25 1586
49 345
77 103456
39 1783
77 114802
49 1083
18 4872
100
-1 812172
0 993861
1 476774
1 472187
1 36068
1 73707
3 68037
3 163535
3 225346
3 33871
4 14651
4 3163
4 3185
4 4902
13 8301
10 7802
10 2102
10 7807
2 116539
2 238325
2 122135
2 116960
5 35371
5 9041
5 23337
5 22512
16 1887
18 209023
24 873
17 5555
26 188
26 359
26 580
26 237
31 219
31 72
31 181
9 20631
9 6239
9 21739
37 26113
29 1284
29 539
7 9301
7 53453
7 10388
7 40838
38 2491
38 1325
38 1526
38 2160
36 56
36 41
36 83
36 43
8 16914
8 111956
8 7522
8 95730
23 2459
23 1847
23 2421
23 4008
44 11880
44 17283
44 21310
44 2143
39 11272
39 13971
39 3620
53 31
63 8037
70 31
40 17079
40 4160
40 9699
51 24
51 16
51 17
51 23
41 486
41 265
41 597
64 15099
64 9518
30 27
30 28
30 59
30 60
55 989
55 10167
55 418
12 3904
79 19
79 16
79 15
79 17
45 5126
45 3748
45 6905
100
-1 554837
78 11
90 1511
42 13
12 14
53 2646
3 12
78 19
99 198
12 10
8 65
53 1753
78 15
90 9101
3 12
47 14
73 12
8 34
87 13
87 13
0 105362
47 11
64 3437
90 9720
78 24
99 116
47 16
90 2257
53 3250
12 12
99 165
0 152854
90 3982
99 41
42 10
8 19
99 247
42 15
97 24
73 11
42 13
42 15
61 18
87 11
73 12
25 47
97 20
35 18
3 10
8 30
87 10
8 43
0 58516
0 7248
3 12
3 11
31 53647
87 12
28 2824
3 11
90 2065
78 22
73 10
78 22
31 37421
8 51
99 204
0 180329
73 10
78 11
0 74894
8 52
35 16
47 11
3 11
12 11
22 253
49 68
25 61
99 66
21 14
73 11
12 10
25 13
25 65
64 20617
56 346
47 11
90 6103
31 53798
56 41502
22 2438
52 34862
61 11
12 14
35 18
35 15
21 17
28 603
53 875
100
-1 866386
0 533777
0 68469
0 399862
2 20969
2 24180
1 529474
4 13529
4 692
4 4512
7 4916
7 7758
3 181285
3 2698
3 138713
12 38783
12 86511
12 79243
9 2893
9 1525
9 2053
16 163722
13 1142
13 322
20 3090
14 51023
14 129612
15 20075
15 19450
15 25546
17 58705
17 3337
31 1516
31 1870
10 1218
10 424
10 1333
10 828
22 835
22 546
36 736
38 408
38 204
38 147
38 79
24 338
24 144
24 690
37 687
37 121
19 446
19 93
19 492
19 249
52 214
52 119
52 254
32 623
50 32
50 10
50 272
44 21
44 59
44 15
45 226
45 98
45 33
53 54
53 141
53 162
34 209
34 435
34 334
49 46
49 18
49 65
49 42
64 348
62 41
62 38
62 24
8 511
8 212
68 63
68 23
68 53
68 62
61 24
61 25
48 177
48 55
48 198
48 203
23 223
23 177
23 161
84 40
60 181
60 28
60 108
100
-1 733814
26 412
34 1344
0 406797
79 661
51 5199
69 57
49 64864
2 675
7 6085
3 64954
69 76
95 39
82 15520
2 106
58 12
7 12946
7 7207
80 16
42 4332
79 145
23 1024
94 28522
82 6146
69 81
51 5505
7 2751
98 334
56 76160
70 460
95 38
79 99
69 59
23 769
3 3917
70 238
94 37989
81 928
40 865
2 395
7 2180
56 58158
82 8069
23 699
80 16
70 172
98 410
95 71
69 76
0 204125
99 1303
7 16109
81 1036
19 6151
81 342
70 1009
3 127060
82 2518
98 41
95 77
69 37
26 646
49 44950
80 15
7 408
2 441
42 4279
58 17
95 39
81 268
99 2949
49 31548
79 810
51 2854
51 1576
23 110
49 80017
69 29
58 25
42 2088
81 16
99 4148
3 47812
94 38188
56 10862
23 253
80 12
99 4161
26 1169
81 209
23 542
58 10
26 127
82 13316
49 61265
79 190
3 13177
81 879
34 610
82 14300
100
-1 797976
0 499751
0 89473
0 448438
2 50462
2 5911
2 59433
5 2610
5 590
5 1684
5 1371
7 4476
8 277
8 125
4 18696
4 14582
4 32817
15 27720
9 307
9 855
9 569
6 6314
6 28235
6 29973
1 287410
1 281332
13 84
13 83
13 70
11 1708
11 2983
27 18
27 33
27 16
27 13
22 2983
22 22069
20 320
20 310
20 339
10 1344
10 107
38 96
23 11136
23 15874
23 9237
36 16528
42 21
42 18
42 16
42 54
39 195
39 108
39 185
24 136016
24 91873
24 26749
24 127745
25 65227
25 13872
25 95021
12 457
40 192
40 102
40 659
40 69
41 58
57 2317
57 471
57 24572
57 27799
45 3458
45 3200
45 5524
3 157591
3 114663
3 8728
19 264
74 99781
74 24582
33 13
33 19
66 77
79 9366
79 14885
26 74
53 114
53 82
58 9103
58 15147
84 9854
84 3332
84 592
51 34
51 58
51 85
51 77
85 79
44 23980
77 47
100
-1 552057
35 862
26 84
74 16
20 75
35 1223
8 36199
33 1784
68 225628
86 109
40 4124
3 11
40 718
41 198
80 834
26 257
44 22
12 183
12 123
44 34
33 2707
20 1065
93 869
44 38
35 1485
44 23
35 1363
35 1143
35 1014
44 24
53 2984
12 122
33 1259
8 24799
40 574
40 5618
60 482
8 47972
3 19
55 4982
8 19646
49 3423
74 56
44 53
26 224
41 180
17 77
44 28
58 26
39 4123
74 74
18 32
68 21342
33 3119
40 1925
0 6857
15 271
80 952
74 33
53 1068
49 2751
39 2193
20 1062
35 1477
20 978
41 1104
80 1107
58 28
0 351345
26 286
26 233
18 12
18 49
86 49
12 237
86 310
8 60086
40 2314
18 24
33 204
40 4347
58 29
8 48345
41 837
90 9012
12 102
80 1936
26 58
12 73
74 48
8 15421
74 62
99 12
86 462
33 6478
3 16
86 443
74 34
20 712
18 11
100
-1 878903
0 543709
0 395067
1 796068
3 227149
3 390287
3 263732
5 233559
5 5135
6 91481
6 90416
7 126338
7 166846
4 156081
4 172043
8 762
13 27010
15 245
15 52
15 364
9 22735
9 26402
9 3306
9 37991
17 292
18 19
18 15
18 27
18 24
25 24
2 255157
2 143800
2 243457
26 10
26 13
26 16
26 14
19 14
19 181
19 90
19 83
29 11
41 12
41 12
41 11
20 2684
38 118
38 124
38 109
11 91392
11 92531
21 33000
44 12
44 15
50 36680
50 1324
50 15815
50 468
10 35888
10 26440
10 37915
10 7897
42 17
42 16
42 10
45 2937
37 16
22 2427
22 183
62 17
62 17
62 10
62 12
72 15
72 15
72 10
72 13
59 1892
59 3353
66 24
69 17
69 10
39 146
82 60
82 56
14 323634
68 12
68 172
85 102335
85 134302
35 11
35 13
35 14
35 12
40 53
40 73
78 2190
78 341
78 1008
81 24
100
-1 1000000
0 1000000
0 1000000
0 1000000
0 1000000
0 1000000
0 1000000
0 1000000
0 1000000
0 1000000
0 1000000
0 1000000
0 1000000
0 1000000
0 1000000
0 1000000
0 1000000
0 1000000
0 1000000
0 1000000
0 1000000
0 1000000
0 1000000
0 1000000
0 1000000
0 1000000
0 1000000
0 1000000
0 1000000
0 1000000
0 1000000
0 1000000
0 1000000
0 1000000
0 1000000
0 1000000
0 1000000
0 1000000
0 1000000
0 1000000
0 1000000
0 1000000
0 1000000
0 1000000
0 1000000
0 1000000
0 1000000
0 1000000
0 1000000
0 1000000
0 1000000
0 1000000
0 1000000
0 1000000
0 1000000
0 1000000
0 1000000
0 1000000
0 1000000
0 1000000
0 1000000
0 1000000
0 1000000
0 1000000
0 1000000
0 1000000
0 1000000
0 1000000
0 1000000
0 1000000
0 1000000
0 1000000
0 1000000
0 1000000
0 1000000
0 1000000
0 1000000
0 1000000
0 1000000
0 1000000
0 1000000
0 1000000
0 1000000
0 1000000
0 1000000
0 1000000
0 1000000
0 1000000
0 1000000
0 1000000
0 1000000
0 1000000
0 1000000
0 1000000
0 1000000
0 1000000
0 1000000
0 1000000
0 1000000
0 1000000
