25
10
20 21 22 23 19 18 17 16 15 0
6
29 0 25 0 5 0
4
29 25 5 0
30
29 28 27 26 25 24 23 22 21 20 19 18 17 16 15 14 13 12 11 10 9 8 7 6 5 4 3 2 1 0
30
1 2 3 4 5 6 7 8 9 10 11 12 13 14 15 16 17 18 19 20 21 22 23 24 25 26 27 28 29 0
15
10 10 10 10 10 10 10 10 10 10 10 10 10 10 0
22
10 9 8 10 9 8 10 9 9 7 6 5 4 3 1 8 6 5 4 3 2 0
88
10 9 8 10 9 8 10 9 9 7 6 5 4 3 1 8 6 5 4 3 2 0 10 9 8 10 9 8 10 9 9 7 6 5 4 3 1 8 6 5 4 3 2 0 10 9 8 10 9 8 10 9 9 7 6 5 4 3 1 8 6 5 4 3 2 0 10 9 8 10 9 8 10 9 9 7 6 5 4 3 1 8 6 5 4 3 2 0
93
10 9 8 10 9 8 10 9 9 7 6 5 4 3 1 8 6 5 4 3 2 0 10 9 8 10 9 8 10 9 9 7 6 5 4 3 1 8 6 5 4 3 2 0 10 9 8 10 9 8 10 9 9 7 6 5 4 3 1 8 6 5 4 3 2 0 10 9 8 10 9 8 10 9 9 7 6 5 4 3 1 8 6 5 4 3 2 0 4 5 3 3 0
1000
23 1 5 26 23 10 13 0 0 14 29 25 24 16 29 6 7 29 22 25 8 23 27 27 0 3 11 3 15 23 19 20 18 21 20 4 6 8 12 22 13 6 10 21 14 22 2 11 28 12 3 28 7 2 18 1 18 27 29 9 16 1 17 10 20 18 26 12 8 28 22 19 9 7 28 9 12 2 29 6 24 24 12 19 12 27 21 17 2 19 4 5 22 20 14 12 22 9 10 22 19 7 24 22 15 2 25 13 29 2 1 9 10 20 25 16 13 14 21 26 15 20 2 2 21 21 16 8 11 23 7 11 5 16 4 23 6 25 29 21 11 24 13 12 4 10 0 5 28 22 7 5 9 23 23 12 1 18 10 13 12 29 11 22 23 15 7 27 0 11 11 13 6 11 24 16 22 11 22 2 20 24 9 22 8 27 22 3 22 8 11 23 27 12 21 11 1 15 4 22 4 2 11 27 24 5 4 6 13 11 15 14 6 2 10 9 11 27 13 8 0 19 4 17 5 15 19 26 26 23 6 10 3 17 28 3 7 19 16 10 1 7 29 0 6 4 23 13 27 6 22 26 6 28 18 29 19 26 20 7 14 13 8 27 29 14 13 28 2 22 1 24 26 20 9 20 4 20 11 5 7 23 5 15 18 27 17 10 29 1 20 7 11 19 26 1 15 10 15 4 4 4 20 6 6 9 22 10 12 16 9 13 18 7 20 19 24 24 26 19 19 3 6 13 9 21 9 24 18 14 25 5 19 4 0 28 20 8 8 9 18 16 24 27 20 7 2 10 21 23 24 0 26 3 25 9 12 29 16 1 4 15 15 26 25 7 2 26 15 11 16 17 19 6 23 8 12 9 23 27 3 18 16 28 12 16 19 11 15 10 16 7 16 2 24 21 22 9 2 25 4 21 28 20 9 7 18 17 23 22 29 1 19 9 9 25 19 8 12 16 23 7 14 2 9 14 28 20 14 16 27 28 19 17 19 5 4 2 28 27 13 13 26 24 7 26 25 26 5 0 24 18 8 22 6 16 22 10 17 28 20 21 16 15 13 17 21 21 25 1 8 4 23 9 8 12 9 1 1 3 16 15 23 3 25 2 21 1 25 21 13 4 13 23 3 16 25 21 9 26 0 29 24 16 8 28 13 10 18 0 13 4 16 8 10 29 21 28 6 15 17 22 17 11 26 22 4 15 5 22 14 4 1 3 11 14 28 21 8 4 20 13 1 1 15 7 9 22 27 28 2 14 23 15 1 10 7 26 4 18 18 25 8 16 19 11 5 13 14 14 23 22 11 14 9 3 1 4 28 20 27 9 12 7 25 17 15 23 26 9 5 25 7 15 13 26 12 14 26 12 21 16 4 1 15 9 15 5 14 2 5 10 1 13 20 27 22 28 29 18 19 10 2 3 4 24 24 13 2 28 3 13 27 22 13 2 14 1 16 22 17 14 15 20 21 10 9 8 21 27 29 27 27 14 4 16 22 15 16 6 12 5 17 12 3 7 14 29 19 4 24 9 1 3 22 28 18 0 25 2 4 14 2 0 23 3 3 27 16 20 3 22 16 9 2 22 4 8 14 2 1 25 28 2 12 28 12 26 5 14 8 12 8 8 0 16 14 20 0 15 15 12 8 26 12 24 15 27 28 23 5 4 13 2 27 10 29 21 11 3 19 0 20 13 20 13 23 5 22 5 24 26 13 5 13 17 11 2 21 20 24 24 3 16 3 16 5 7 20 4 13 10 2 27 5 20 26 16 3 3 5 18 28 13 8 28 25 2 25 13 29 2 27 28 12 10 13 17 5 26 2 20 3 11 15 3 16 17 9 29 2 1 11 29 25 22 10 8 4 2 16 7 22 1 15 5 6 12 27 23 3 10 0 14 2 11 21 14 3 28 18 3 20 22 9 22 26 5 28 22 15 18 13 2 17 4 7 5 25 11 8 2 5 21 6 19 4 20 18 5 19 26 28 7 11 10 23 25 14 26 26 3 5 12 18 12 22 9 14 21 2 27 1 24 29 22 11 15 6 6 6 0 5 28 19 4 12 7 9 18 19 15 0 0 6 19 11 21 26 13 24 15 27 2 21 15 19 9 26 17 1 2 13 16 5 2 20 17 9 0 8 27 0 28 15 26 10 20 2 19 18 9 0 20 8 21 26 29 2 9 26 5 23 4 9 23 26 27 12 7 24 13 16 0 26 17 12 8 6 24 1 8 1 25 27 20 1 11 14 0 6 15 16 25 1 21 19 17 8 0
1000
19 9 23 18 16 21 19 9 26 24 15 16 25 15 8 28 13 28 13 10 4 7 14 22 16 12 4 5 18 9 22 11 18 20 25 16 10 19 2 20 13 14 17 20 15 25 10 12 18 24 4 8 18 22 21 9 25 28 18 22 7 20 25 1 24 5 8 16 10 23 1 17 15 14 22 10 10 27 6 7 7 21 5 27 11 9 3 18 10 19 5 23 16 22 24 0 5 5 28 17 22 15 2 5 24 28 13 0 4 11 27 0 22 13 26 7 28 12 9 18 27 9 6 13 1 21 22 11 11 23 28 3 0 13 25 26 27 27 28 4 4 29 28 22 16 5 22 2 12 2 22 17 16 14 16 28 1 16 10 22 21 23 18 13 17 0 25 28 1 26 19 4 2 23 11 11 29 6 2 26 21 9 20 22 0 24 18 5 6 9 22 18 4 1 3 19 5 0 28 8 18 6 19 3 1 22 1 27 1 23 13 20 17 17 28 10 1 6 15 2 22 2 21 4 9 4 23 12 17 14 25 24 28 0 10 5 25 11 15 21 22 15 6 0 25 9 14 22 0 13 7 9 9 29 22 11 28 12 3 19 15 0 15 27 0 18 29 12 28 18 17 3 14 26 25 2 8 9 28 11 9 10 28 22 25 29 3 22 1 25 9 24 27 18 20 21 25 21 21 11 7 11 17 26 5 12 19 4 14 25 2 15 21 5 25 15 16 28 6 29 3 8 6 11 20 2 27 16 5 8 13 26 8 0 3 23 23 20 6 22 17 6 15 17 23 13 14 13 3 22 15 9 22 10 21 5 17 20 13 27 1 21 10 16 8 1 21 16 4 18 27 27 25 14 25 16 25 25 23 8 24 0 22 23 3 17 1 9 18 17 2 6 14 15 21 11 12 1 23 0 14 26 8 23 29 1 27 5 16 7 11 0 27 8 4 0 9 22 1 9 13 24 6 14 6 27 27 24 4 10 21 29 24 22 22 4 4 11 1 13 8 28 14 15 17 22 0 9 20 0 8 4 25 21 25 11 9 23 11 16 20 2 6 9 10 19 27 12 20 8 11 24 8 23 3 17 2 0 16 0 27 24 3 21 12 2 1 4 4 6 28 19 2 28 11 14 5 14 26 23 5 7 2 3 26 24 27 19 14 11 21 18 28 26 19 6 11 27 22 0 26 21 21 6 11 18 18 16 2 22 25 23 4 7 10 3 20 4 17 29 11 18 8 8 17 0 25 4 26 10 4 15 19 24 13 24 5 24 14 24 5 23 19 20 1 24 8 27 12 12 17 13 15 22 1 5 27 4 11 1 7 8 24 14 4 26 14 11 14 7 9 0 11 28 21 3 6 14 16 22 3 2 9 23 0 29 19 6 27 25 24 6 17 17 23 28 13 2 21 23 2 9 6 27 8 2 12 8 9 3 4 19 18 9 14 27 2 13 8 1 22 17 8 8 10 12 25 24 2 10 4 5 15 22 27 4 10 9 7 21 26 11 10 26 22 6 8 27 14 26 0 25 5 26 14 0 9 3 27 19 7 19 0 14 3 5 19 12 13 24 9 9 17 19 13 12 28 7 23 10 3 15 26 26 5 23 6 26 5 24 22 5 26 28 29 24 23 28 20 6 3 18 15 24 16 26 25 10 14 17 19 16 12 15 2 22 3 26 23 11 8 20 24 29 5 3 8 22 27 7 20 2 24 21 20 9 9 20 17 29 27 11 4 27 24 23 15 3 0 9 19 13 24 26 20 27 24 29 23 19 9 21 17 5 19 26 13 28 6 25 8 14 23 17 7 17 26 5 29 5 18 0 21 24 27 23 14 1 9 19 17 21 18 2 19 18 27 4 27 23 27 5 24 25 11 28 14 6 4 21 18 3 20 0 25 16 18 20 16 7 20 26 18 29 29 6 6 16 23 18 25 4 4 0 14 5 14 15 19 11 5 21 26 11 1 18 8 23 3 2 2 9 28 28 29 1 18 6 12 16 11 0 9 24 16 11 5 15 12 29 3 28 17 21 19 16 1 5 9 18 22 26 28 28 19 12 21 24 5 5 19 6 21 22 0 25 3 16 15 16 28 4 26 29 24 16 10 15 8 25 13 23 1 17 12 22 28 11 9 5 0 8 17 23 29 0 8 8 21 15 22 15 19 19 5 18 13 5 21 2 25 7 5 28 8 2 24 2 22 21 6 11 2 14 10 4 20 19 0 10 25 29 28 11 3 13 22 23 10 20 9 12 5 11 27 13 5 23 18 0
1000
19 17 27 20 18 2 24 25 8 5 5 0 8 26 16 1 10 6 2 2 21 26 1 12 29 27 26 15 18 3 0 12 12 0 29 27 15 20 17 0 0 25 10 27 16 14 12 1 29 4 25 17 14 23 28 2 5 11 27 8 22 12 23 4 14 15 10 10 22 26 18 16 26 3 3 16 9 17 22 4 5 0 15 26 0 3 25 28 12 23 14 0 19 14 10 26 29 18 15 21 5 19 13 11 23 4 9 14 27 15 18 29 5 12 18 20 23 28 29 22 4 26 17 11 25 26 29 12 24 19 13 20 14 13 14 18 26 3 15 10 22 1 8 29 5 4 13 24 7 28 26 9 26 2 18 8 16 7 22 11 14 24 23 12 17 8 11 5 12 9 1 1 20 14 27 20 22 14 11 13 11 4 12 2 12 24 1 21 28 13 28 27 2 5 25 15 23 18 22 1 0 28 6 24 7 16 7 7 4 17 0 12 2 25 10 3 13 17 8 17 1 18 21 19 25 25 2 0 8 21 12 9 14 21 25 8 17 17 16 26 15 5 23 4 2 18 10 7 28 23 19 4 10 28 21 1 1 5 25 1 3 7 26 1 23 9 14 16 5 10 9 3 29 9 27 22 1 27 27 15 14 15 0 5 1 4 29 4 1 25 28 0 15 22 3 27 9 6 18 5 17 6 22 15 13 23 9 27 23 21 13 19 16 3 15 20 6 11 17 12 8 3 1 24 15 12 24 27 28 22 2 6 17 23 9 14 15 14 3 11 15 1 16 11 28 24 19 22 7 7 23 14 15 23 11 29 9 27 12 7 16 0 25 3 8 11 21 27 2 1 24 3 27 22 22 19 23 15 26 22 0 22 10 11 7 5 4 15 10 1 16 13 15 1 11 17 4 12 14 14 6 16 1 5 22 23 7 3 10 6 28 7 2 7 8 11 6 23 20 1 12 2 16 5 20 2 11 26 18 1 16 29 6 24 22 0 22 23 16 6 10 3 28 6 5 29 21 2 29 26 11 6 27 11 29 9 27 3 14 9 24 19 29 20 5 25 22 24 3 3 18 11 2 7 19 6 23 20 26 14 21 27 19 7 13 18 0 15 3 8 10 12 19 10 26 25 15 26 12 12 0 0 21 2 24 21 19 14 2 26 29 19 11 28 2 15 17 13 15 2 7 0 5 16 22 18 1 4 25 19 18 22 10 27 8 8 13 27 23 13 28 23 12 5 4 13 0 0 19 21 10 18 19 8 26 13 15 22 18 13 20 10 25 5 27 16 10 20 8 8 14 16 13 2 22 28 6 0 25 10 6 1 19 10 10 2 25 23 9 3 20 8 21 1 18 21 20 16 22 2 6 19 1 13 16 14 7 27 8 11 1 28 0 7 7 6 24 24 12 17 23 8 3 0 15 11 15 7 25 9 12 9 24 16 11 29 11 11 5 11 25 0 12 28 29 21 12 23 19 13 9 3 23 12 3 25 28 10 11 26 5 13 12 29 19 23 28 8 12 5 0 4 24 8 24 12 12 6 0 13 18 12 8 19 21 28 17 28 5 12 7 13 24 19 6 0 21 23 14 21 24 2 15 3 18 17 29 21 29 28 26 18 16 25 27 7 0 28 15 17 16 11 3 15 15 18 7 17 7 15 16 16 20 13 18 24 6 10 22 1 9 1 18 8 1 1 10 7 25 15 19 9 25 14 8 11 7 28 25 24 2 27 13 20 14 5 1 4 23 18 26 7 23 28 26 10 27 17 25 24 8 9 18 16 22 4 7 20 20 17 16 10 4 4 18 27 25 20 17 5 1 1 1 26 26 10 8 12 14 13 8 4 6 12 20 25 29 29 4 18 10 28 25 17 27 14 12 3 3 17 0 22 21 4 28 21 1 19 5 13 3 6 2 13 7 0 27 17 11 10 14 18 8 25 8 19 24 17 5 1 10 2 19 9 18 29 7 22 28 9 8 27 17 22 24 24 22 6 17 28 28 24 26 24 22 22 6 26 19 1 10 23 9 11 24 4 28 8 9 13 24 29 4 1 12 11 26 6 19 13 7 25 3 17 17 7 10 14 7 8 27 14 6 11 28 13 15 25 2 19 5 19 25 25 13 27 6 25 25 2 29 15 22 11 5 2 16 25 18 2 5 10 9 16 21 12 2 6 26 6 28 4 14 3 13 16 9 22 27 6 29 8 13 26 13 12 25 6 19 21 10 18 16 4 11 5 3 19 4 29 9 9 28 1 16 15 4 18 2 0
1000
0 28 24 7 1 9 29 20 18 17 21 20 13 26 28 14 11 18 13 13 16 23 17 27 28 28 20 24 23 10 23 17 3 20 12 22 8 21 5 6 24 24 1 24 20 18 7 28 15 4 24 3 23 18 29 26 3 10 9 19 28 16 16 13 15 15 3 11 10 22 24 20 29 8 14 12 26 5 3 22 4 13 9 15 17 21 14 9 22 1 16 21 1 24 4 19 21 19 15 8 23 20 10 8 1 19 3 21 6 5 12 19 11 26 6 25 22 11 13 24 9 25 18 25 9 12 13 7 1 8 22 22 13 21 4 24 16 23 18 28 25 16 17 13 24 20 4 3 12 18 19 5 29 7 15 18 14 22 17 5 22 3 13 28 25 17 8 10 18 19 17 1 22 10 15 28 16 1 16 7 22 18 15 23 16 22 6 19 25 8 1 5 12 5 25 6 24 2 6 2 0 11 6 24 12 19 2 23 24 18 26 3 2 21 12 10 15 21 16 12 6 1 15 29 10 0 29 29 17 24 21 25 16 15 12 2 6 20 10 2 22 20 2 19 15 14 4 20 8 3 7 5 10 29 23 18 20 16 29 28 13 9 14 10 7 16 1 5 11 17 18 29 13 26 15 3 27 1 14 9 12 8 23 19 17 20 8 5 24 12 25 23 23 26 9 25 3 29 0 5 26 10 4 26 20 25 8 29 9 29 17 26 15 13 25 26 20 18 21 19 0 0 8 1 12 1 10 13 23 16 25 20 16 3 1 19 27 6 23 29 5 29 14 15 20 21 20 24 15 29 0 24 24 27 11 15 10 4 20 3 13 19 5 5 10 1 19 7 14 1 9 12 0 20 18 12 28 7 28 3 8 14 7 18 16 0 8 19 11 12 3 16 11 25 13 21 21 14 24 21 5 29 13 12 13 1 4 18 25 22 26 18 6 9 1 21 4 17 8 20 10 28 14 26 23 28 21 21 7 1 13 29 20 21 5 9 23 14 1 5 25 12 11 20 26 6 24 18 8 29 17 3 13 2 5 3 11 4 14 29 9 1 9 19 17 20 5 16 1 28 2 29 20 6 21 4 15 9 20 26 26 8 24 13 13 23 14 17 27 20 28 2 3 2 12 29 6 19 8 14 8 15 28 29 8 7 14 18 20 24 16 6 29 6 10 0 6 27 10 13 5 8 22 5 15 8 4 29 6 12 5 23 15 19 3 5 5 20 17 21 19 11 5 4 4 23 19 21 7 18 19 2 13 15 18 26 4 8 16 6 5 22 16 0 27 14 6 5 1 14 19 16 6 4 17 18 11 23 5 29 6 1 28 21 13 29 22 16 14 10 22 7 0 14 4 16 5 11 21 10 12 6 20 11 20 14 24 24 3 23 9 8 12 24 24 6 1 29 28 10 5 14 25 17 19 11 4 4 17 6 14 6 8 0 15 23 4 3 7 21 18 25 0 19 12 11 19 16 15 16 1 12 14 28 27 10 5 18 24 13 20 5 2 7 16 5 26 3 5 11 10 3 29 0 6 27 3 22 11 14 1 24 25 15 14 12 10 18 12 16 14 21 26 26 16 9 29 2 17 11 13 23 0 24 12 11 14 26 24 15 6 0 18 20 26 8 26 0 3 11 5 29 1 16 2 3 22 13 19 10 24 20 15 17 4 15 24 3 12 25 28 14 11 6 10 9 12 9 5 29 5 24 6 22 18 15 6 7 18 1 9 28 14 3 3 23 22 12 29 9 9 23 4 25 7 4 6 28 8 21 2 19 26 6 16 16 21 11 23 20 7 29 3 14 6 19 12 23 8 21 19 29 10 26 19 19 16 6 11 6 19 17 26 22 6 12 11 9 1 25 15 0 1 12 12 25 27 20 2 25 26 26 24 14 23 11 0 0 24 29 27 0 18 12 0 29 16 22 17 25 1 6 22 11 6 16 6 16 4 10 0 17 15 28 22 11 8 19 1 16 27 3 3 23 11 14 25 5 26 10 24 17 21 8 13 21 27 11 26 2 7 13 9 21 21 18 3 19 4 6 0 11 22 21 26 23 10 7 29 8 18 12 18 23 11 12 17 0 3 18 10 22 1 2 16 28 20 23 7 9 28 15 10 4 24 11 8 15 18 19 9 21 3 10 5 2 16 8 11 26 22 23 0 27 18 1 0 22 4 5 18 27 28 19 23 1 29 21 7 2 14 3 17 24 28 5 3 11 17 23 2 26 28 20 0 13 7 26 28 5 5 2 8 10 21 27 11 6 16 0
436
18 10 14 21 20 17 25 22 19 24 26 29 18 19 28 13 23 27 26 16 13 23 17 22 22 16 28 12 24 20 21 12 9 8 19 27 15 21 9 15 27 15 12 20 26 23 22 25 21 14 17 20 11 4 16 19 18 25 14 15 17 2 16 24 13 20 7 11 19 26 21 18 11 24 12 20 23 10 5 10 14 25 15 23 22 6 14 10 13 9 8 6 16 18 21 7 17 22 21 25 15 9 16 24 20 14 5 19 5 8 24 19 18 20 23 13 11 17 18 23 11 14 3 7 4 22 16 21 10 6 17 2 9 13 16 13 13 19 15 19 20 22 12 14 18 12 6 17 12 11 19 8 18 21 8 12 18 17 13 12 18 9 17 16 17 4 17 8 15 15 16 11 11 7 14 3 14 10 13 16 11 20 3 7 1 7 10 5 16 15 5 13 12 7 15 8 10 9 8 19 6 12 12 7 9 11 14 10 11 6 4 18 6 9 10 5 5 15 17 16 16 15 11 10 10 8 10 5 13 14 12 9 11 14 11 14 13 13 9 4 13 12 15 3 9 10 12 10 8 4 6 9 4 9 15 8 8 12 3 8 7 11 7 6 2 7 14 7 6 13 8 2 7 7 5 3 6 10 1 9 14 5 8 11 12 9 11 13 10 7 7 8 6 6 6 6 12 3 5 11 10 10 5 9 9 5 4 6 5 4 5 2 4 8 7 7 11 8 4 8 4 5 7 5 9 7 4 10 8 6 3 3 9 4 3 4 6 5 4 3 7 3 2 6 8 4 2 1 3 6 3 2 5 7 2 1 3 5 3 2 2 6 2 2 4 4 6 2 3 9 2 4 1 4 1 1 1 1 6 5 8 5 3 3 7 6 5 3 5 3 3 2 2 4 4 1 2 2 3 2 4 3 1 2 1 3 1 5 1 2 4 1 1 4 1 3 2 1 1 3 1 2 2 2 1 1 1 1 1 2 2 1 1 1 1 0
436
20 19 23 14 27 9 19 25 26 18 21 22 20 4 21 19 20 13 26 17 29 28 8 18 24 15 18 10 9 14 13 17 11 13 25 17 17 2 19 16 27 24 15 16 26 3 18 23 12 22 16 16 3 18 8 15 25 12 14 14 17 7 28 15 27 22 24 25 8 26 23 11 5 24 16 6 7 24 10 21 13 13 23 21 1 6 12 25 17 15 16 23 23 22 22 21 20 24 21 23 7 12 15 11 10 14 10 20 14 22 5 14 6 5 9 9 13 9 7 20 11 8 19 22 19 16 12 7 18 22 13 15 17 19 15 21 6 6 18 18 12 12 20 11 11 4 21 14 11 11 12 2 20 16 20 11 19 19 18 8 10 17 9 16 17 5 13 17 15 16 15 6 16 18 21 15 19 10 5 14 4 20 14 13 13 19 13 8 14 14 3 13 5 10 7 18 4 17 4 13 16 5 12 11 10 15 9 12 12 3 10 11 6 17 8 15 12 14 9 9 7 11 10 18 11 6 10 12 16 17 4 16 13 8 9 9 14 5 8 10 10 7 15 4 12 13 5 15 9 12 12 14 2 13 11 11 11 8 9 4 4 10 8 8 10 9 8 6 7 7 10 12 9 11 1 10 9 10 7 3 8 4 9 3 9 9 14 6 6 5 7 13 8 6 3 7 6 7 12 7 8 2 5 11 8 7 6 7 4 4 3 6 8 3 6 2 6 11 8 7 7 10 6 2 3 9 5 5 4 5 2 5 7 3 5 5 8 2 7 4 6 5 6 4 3 10 5 5 2 5 6 5 9 8 7 8 4 4 4 6 3 2 1 6 1 3 3 5 4 4 3 1 3 4 2 2 5 4 1 3 7 3 1 2 6 3 2 2 3 2 4 1 2 2 1 2 3 3 1 3 4 3 2 1 2 2 5 4 4 2 1 3 3 2 2 1 1 2 1 1 1 2 2 1 1 1 1 1 1 1 1 1 1 1 1 0
436
12 17 16 26 22 11 28 6 5 21 2 27 10 4 19 21 23 20 29 18 28 13 15 20 9 27 8 27 25 19 26 15 14 19 26 24 20 26 25 11 18 24 16 24 17 13 22 25 3 17 25 16 4 18 10 8 16 9 15 14 18 15 14 9 7 24 25 19 18 15 12 14 24 21 23 23 20 23 10 22 22 11 17 24 14 13 23 21 22 21 16 8 20 3 5 17 19 21 12 19 23 14 22 21 20 9 11 7 15 6 13 13 10 20 18 17 16 23 19 18 9 13 7 8 10 12 9 12 18 22 14 20 17 17 13 5 6 19 16 16 15 8 12 17 7 11 12 13 11 12 14 10 8 6 21 9 15 12 7 7 13 18 11 10 6 14 1 22 19 5 2 15 7 5 20 21 6 16 4 16 15 17 6 18 15 20 14 19 5 10 11 13 11 18 12 17 11 9 19 8 1 11 10 3 8 10 18 8 16 9 13 10 16 12 11 15 7 17 6 9 6 10 9 15 9 14 10 8 5 4 12 11 13 4 14 7 5 8 4 10 13 8 12 8 12 5 6 3 7 5 14 9 3 7 2 5 7 4 13 9 16 7 8 17 16 15 6 3 4 9 8 14 6 2 15 2 2 12 11 5 6 11 7 7 10 13 4 14 12 10 13 6 5 8 7 6 9 9 4 14 4 3 4 3 5 2 12 13 7 3 11 12 4 5 2 11 10 11 6 5 10 3 1 5 4 1 10 9 3 8 3 1 2 3 2 11 4 8 6 7 2 9 4 9 1 5 4 8 6 10 7 5 7 6 5 3 3 2 2 8 4 4 3 1 8 6 2 7 1 1 9 6 5 4 7 4 6 6 3 8 2 7 3 3 4 2 5 3 2 3 5 4 3 1 5 4 2 2 4 1 3 6 3 1 5 2 1 4 3 3 1 2 1 1 1 2 1 2 2 3 2 1 1 2 1 1 1 2 1 2 1 1 1 1 1 0
436
27 17 28 29 10 26 27 13 23 12 18 20 21 16 24 17 9 19 23 16 11 25 2 26 22 22 25 21 10 18 20 24 9 20 15 8 8 17 3 16 9 19 7 24 22 26 18 28 14 11 15 27 15 14 25 19 16 21 7 14 10 8 7 6 17 18 5 16 25 24 6 9 15 23 26 8 25 19 23 4 22 4 15 13 7 5 24 21 20 14 12 6 24 17 8 23 22 1 18 14 13 5 4 23 17 22 13 7 13 11 16 22 20 15 19 23 16 15 21 3 12 18 14 21 19 21 12 17 6 11 13 20 10 16 20 14 9 18 2 13 11 14 7 19 21 6 12 22 20 12 10 11 19 21 15 8 5 7 20 10 5 18 19 3 14 17 18 13 12 12 4 3 11 9 20 17 13 17 16 6 11 6 18 10 15 19 10 19 17 5 11 18 2 15 16 5 6 12 16 14 14 4 17 13 9 18 8 16 13 16 10 13 5 15 9 9 12 17 15 10 15 14 9 12 9 4 14 1 11 11 8 16 13 14 10 15 4 10 3 2 7 12 9 12 4 6 13 11 1 10 4 11 12 11 7 9 9 10 12 10 8 15 8 14 8 8 3 13 3 12 7 1 9 11 8 11 8 2 10 6 3 7 11 7 6 9 3 8 13 7 14 5 6 13 6 5 9 3 6 12 7 2 8 12 5 8 5 11 10 4 5 8 2 7 10 11 7 7 9 8 10 6 5 2 7 5 1 9 4 7 6 10 6 6 9 4 1 5 2 4 5 8 8 4 9 3 5 8 2 7 6 4 3 5 6 4 3 2 5 1 7 3 1 5 4 6 2 3 5 4 2 3 4 3 7 3 3 1 1 4 3 6 4 2 2 2 3 3 7 5 4 6 2 1 2 1 1 2 4 3 1 4 5 1 3 1 6 4 1 3 5 4 2 2 3 3 2 2 1 2 2 1 1 2 2 1 1 2 1 1 1 1 1 1 1 0
1000
11 0 3 0 11 0 18 0 8 0 27 0 25 0 23 0 1 0 9 0 14 0 14 0 15 0 12 0 9 0 17 0 1 0 20 0 7 0 21 0 24 0 21 0 15 0 1 0 9 0 27 0 28 0 25 0 19 0 6 0 24 0 22 0 2 0 12 0 24 0 6 0 13 0 10 0 25 0 14 0 19 0 5 0 11 0 21 0 27 0 17 0 1 0 8 0 13 0 1 0 10 0 9 0 22 0 22 0 8 0 7 0 13 0 1 0 15 0 10 0 5 0 1 0 14 0 29 0 17 0 29 0 15 0 16 0 11 0 17 0 5 0 19 0 27 0 2 0 28 0 5 0 19 0 13 0 8 0 20 0 10 0 8 0 8 0 13 0 19 0 9 0 26 0 15 0 24 0 9 0 25 0 23 0 22 0 7 0 27 0 6 0 7 0 11 0 29 0 19 0 29 0 5 0 4 0 11 0 25 0 11 0 8 0 5 0 1 0 20 0 1 0 10 0 7 0 15 0 9 0 15 0 27 0 22 0 5 0 25 0 18 0 14 0 18 0 3 0 7 0 25 0 18 0 15 0 10 0 11 0 29 0 28 0 29 0 11 0 27 0 2 0 6 0 24 0 27 0 28 0 5 0 9 0 11 0 6 0 3 0 10 0 22 0 13 0 9 0 27 0 20 0 17 0 26 0 21 0 8 0 10 0 23 0 2 0 14 0 1 0 15 0 24 0 29 0 10 0 9 0 13 0 22 0 17 0 22 0 11 0 22 0 15 0 24 0 1 0 25 0 23 0 22 0 6 0 2 0 2 0 1 0 4 0 17 0 6 0 10 0 28 0 1 0 25 0 21 0 27 0 8 0 21 0 11 0 3 0 1 0 19 0 1 0 26 0 9 0 21 0 15 0 6 0 26 0 3 0 7 0 15 0 8 0 22 0 16 0 8 0 27 0 6 0 9 0 5 0 27 0 25 0 15 0 25 0 3 0 12 0 28 0 21 0 2 0 6 0 17 0 9 0 26 0 29 0 18 0 3 0 22 0 27 0 29 0 25 0 17 0 25 0 18 0 28 0 25 0 5 0 17 0 15 0 4 0 11 0 11 0 16 0 4 0 12 0 15 0 10 0 17 0 23 0 21 0 17 0 21 0 4 0 11 0 9 0 8 0 13 0 2 0 11 0 11 0 9 0 9 0 20 0 3 0 25 0 2 0 20 0 8 0 2 0 29 0 16 0 14 0 16 0 10 0 21 0 15 0 28 0 23 0 15 0 9 0 3 0 23 0 2 0 19 0 15 0 12 0 7 0 12 0 26 0 10 0 29 0 6 0 7 0 17 0 18 0 23 0 11 0 24 0 5 0 25 0 24 0 8 0 25 0 21 0 18 0 10 0 29 0 19 0 24 0 4 0 26 0 22 0 24 0 23 0 10 0 11 0 11 0 3 0 10 0 5 0 27 0 27 0 29 0 4 0 7 0 22 0 15 0 17 0 14 0 23 0 27 0 28 0 6 0 4 0 9 0 13 0 19 0 8 0 20 0 3 0 7 0 19 0 5 0 18 0 20 0 6 0 14 0 4 0 24 0 20 0 26 0 3 0 18 0 4 0 11 0 6 0 13 0 16 0 27 0 27 0 6 0 12 0 8 0 4 0 12 0 4 0 26 0 5 0 28 0 18 0 11 0 25 0 26 0 18 0 25 0 10 0 16 0 7 0 4 0 9 0 18 0 16 0 23 0 28 0 3 0 13 0 18 0 22 0 5 0 25 0 8 0 17 0 12 0 17 0 22 0 2 0 4 0 7 0 21 0 7 0 14 0 5 0 10 0 19 0 5 0 28 0 26 0 26 0 14 0 27 0 9 0 8 0 8 0 18 0 7 0 20 0 23 0 23 0 22 0 5 0 26 0 12 0 26 0 19 0 11 0 28 0 23 0 28 0 9 0 24 0 5 0 19 0 23 0 25 0 25 0 29 0 6 0 7 0 5 0 13 0 27 0 23 0 28 0 18 0 3 0 6 0 22 0 22 0 28 0 10 0 13 0 23 0 28 0 18 0 27 0 2 0 3 0 7 0 24 0 13 0 29 0 24 0 4 0 21 0 25 0 17 0 23 0 1 0 20 0 17 0 29 0 9 0 9 0 27 0 26 0 16 0 3 0 21 0 22 0 26 0 2 0 15 0 4 0 18 0 8 0 4 0 28 0 22 0 8 0 16 0 21 0 10 0 17 0 25 0 26 0 1 0 24 0
987
29 29 29 29 29 29 29 29 29 29 29 29 29 29 29 29 29 29 29 29 29 29 29 29 29 29 29 29 29 29 29 29 29 29 28 28 28 28 28 28 28 28 28 28 28 28 28 28 28 28 28 28 28 28 28 28 28 28 28 28 28 28 28 28 28 28 28 28 27 27 27 27 27 27 27 27 27 27 27 27 27 27 27 27 27 27 27 27 27 27 27 27 27 27 27 27 27 27 27 27 27 27 26 26 26 26 26 26 26 26 26 26 26 26 26 26 26 26 26 26 26 26 26 26 26 26 26 26 26 26 26 26 26 26 26 26 25 25 25 25 25 25 25 25 25 25 25 25 25 25 25 25 25 25 25 25 25 25 25 25 25 25 25 25 25 25 25 25 25 25 24 24 24 24 24 24 24 24 24 24 24 24 24 24 24 24 24 24 24 24 24 24 24 24 24 24 24 24 24 24 24 24 24 24 23 23 23 23 23 23 23 23 23 23 23 23 23 23 23 23 23 23 23 23 23 23 23 23 23 23 23 23 23 23 23 23 23 23 22 22 22 22 22 22 22 22 22 22 22 22 22 22 22 22 22 22 22 22 22 22 22 22 22 22 22 22 22 22 22 22 22 22 21 21 21 21 21 21 21 21 21 21 21 21 21 21 21 21 21 21 21 21 21 21 21 21 21 21 21 21 21 21 21 21 21 21 20 20 20 20 20 20 20 20 20 20 20 20 20 20 20 20 20 20 20 20 20 20 20 20 20 20 20 20 20 20 20 20 20 20 19 19 19 19 19 19 19 19 19 19 19 19 19 19 19 19 19 19 19 19 19 19 19 19 19 19 19 19 19 19 19 19 19 19 18 18 18 18 18 18 18 18 18 18 18 18 18 18 18 18 18 18 18 18 18 18 18 18 18 18 18 18 18 18 18 18 18 18 17 17 17 17 17 17 17 17 17 17 17 17 17 17 17 17 17 17 17 17 17 17 17 17 17 17 17 17 17 17 17 17 17 17 16 16 16 16 16 16 16 16 16 16 16 16 16 16 16 16 16 16 16 16 16 16 16 16 16 16 16 16 16 16 16 16 16 16 15 15 15 15 15 15 15 15 15 15 15 15 15 15 15 15 15 15 15 15 15 15 15 15 15 15 15 15 15 15 15 15 15 15 14 14 14 14 14 14 14 14 14 14 14 14 14 14 14 14 14 14 14 14 14 14 14 14 14 14 14 14 14 14 14 14 14 14 13 13 13 13 13 13 13 13 13 13 13 13 13 13 13 13 13 13 13 13 13 13 13 13 13 13 13 13 13 13 13 13 13 13 12 12 12 12 12 12 12 12 12 12 12 12 12 12 12 12 12 12 12 12 12 12 12 12 12 12 12 12 12 12 12 12 12 12 11 11 11 11 11 11 11 11 11 11 11 11 11 11 11 11 11 11 11 11 11 11 11 11 11 11 11 11 11 11 11 11 11 11 10 10 10 10 10 10 10 10 10 10 10 10 10 10 10 10 10 10 10 10 10 10 10 10 10 10 10 10 10 10 10 10 10 10 9 9 9 9 9 9 9 9 9 9 9 9 9 9 9 9 9 9 9 9 9 9 9 9 9 9 9 9 9 9 9 9 9 9 8 8 8 8 8 8 8 8 8 8 8 8 8 8 8 8 8 8 8 8 8 8 8 8 8 8 8 8 8 8 8 8 8 8 7 7 7 7 7 7 7 7 7 7 7 7 7 7 7 7 7 7 7 7 7 7 7 7 7 7 7 7 7 7 7 7 7 7 6 6 6 6 6 6 6 6 6 6 6 6 6 6 6 6 6 6 6 6 6 6 6 6 6 6 6 6 6 6 6 6 6 6 5 5 5 5 5 5 5 5 5 5 5 5 5 5 5 5 5 5 5 5 5 5 5 5 5 5 5 5 5 5 5 5 5 5 4 4 4 4 4 4 4 4 4 4 4 4 4 4 4 4 4 4 4 4 4 4 4 4 4 4 4 4 4 4 4 4 4 4 3 3 3 3 3 3 3 3 3 3 3 3 3 3 3 3 3 3 3 3 3 3 3 3 3 3 3 3 3 3 3 3 3 3 2 2 2 2 2 2 2 2 2 2 2 2 2 2 2 2 2 2 2 2 2 2 2 2 2 2 2 2 2 2 2 2 2 2 1 1 1 1 1 1 1 1 1 1 1 1 1 1 1 1 1 1 1 1 1 1 1 1 1 1 1 1 1 1 1 1 1 1 0
1000
26 8 16 1 26 14 11 5 17 6 8 15 19 4 20 14 9 22 27 13 18 18 7 16 17 24 18 7 5 8 4 26 18 19 14 14 11 1 27 25 29 13 1 16 28 9 21 4 26 21 21 11 16 3 26 15 28 18 2 19 15 1 18 12 2 14 9 8 1 6 29 28 2 24 19 24 10 25 19 13 7 10 24 11 29 25 6 2 21 11 3 21 10 0 10 5 9 7 2 14 1 22 12 2 23 13 16 23 23 12 19 25 1 8 2 3 24 21 22 10 29 1 2 3 18 12 17 20 19 12 10 23 11 10 1 27 27 6 20 5 18 2 9 4 12 29 1 21 9 15 2 9 10 9 1 24 6 3 12 22 3 6 8 21 6 24 13 19 6 19 23 0 3 2 7 5 2 12 9 7 22 7 10 15 9 12 18 26 10 24 11 10 15 9 5 12 15 10 5 27 28 5 13 15 13 13 26 9 17 19 18 11 24 17 16 25 15 12 26 14 24 10 9 27 12 9 23 20 23 19 13 14 29 21 27 25 0 15 25 26 23 14 4 1 25 12 19 2 12 5 19 17 24 16 11 9 10 21 10 1 27 1 10 8 18 10 9 5 11 20 22 2 19 18 10 3 14 17 17 6 10 22 5 16 17 21 8 8 1 27 25 8 10 25 6 9 11 23 23 24 8 7 20 18 17 12 1 19 14 23 7 5 4 29 20 3 15 10 29 21 27 9 6 24 11 26 0 11 11 9 16 11 4 2 11 29 25 2 14 13 19 2 22 8 10 17 10 19 4 4 5 22 5 16 28 10 16 9 1 28 28 22 19 13 21 16 18 1 20 16 20 8 5 15 27 20 3 19 7 18 13 2 22 4 10 17 0 10 23 15 28 10 7 3 11 16 1 3 9 24 14 8 2 9 20 8 24 16 19 23 21 21 13 9 19 16 14 21 12 5 4 4 4 10 17 19 20 13 12 7 24 3 14 26 11 12 27 25 0 1 16 27 8 13 15 14 3 27 24 13 12 25 19 4 7 4 22 24 23 19 3 5 5 10 2 8 29 27 4 27 3 13 9 9 19 19 25 10 27 7 21 12 23 18 13 24 21 28 4 27 23 22 1 14 23 14 12 17 5 14 1 12 21 15 18 10 15 28 15 21 1 2 20 6 0 12 10 22 18 12 27 4 7 21 11 2 3 19 27 3 17 22 12 2 28 8 15 8 23 11 25 25 7 21 4 8 29 9 17 29 5 25 24 5 6 13 27 7 24 25 9 1 4 25 3 25 29 6 6 8 1 12 21 17 16 26 20 18 4 17 22 5 14 5 16 27 19 17 4 22 17 24 19 0 26 11 29 22 21 28 27 5 27 16 16 7 12 22 4 4 9 9 21 29 3 17 10 16 17 5 8 7 2 15 29 3 3 1 3 8 21 29 2 9 8 11 28 20 26 11 3 20 5 13 10 29 22 3 15 19 17 24 16 23 7 6 26 6 16 16 21 23 0 3 19 1 22 13 24 13 1 21 13 1 10 9 20 15 25 8 27 21 1 23 11 3 4 13 17 25 21 11 22 15 14 9 8 7 26 3 28 7 27 15 17 29 19 13 6 12 2 17 17 15 29 28 21 13 9 7 13 9 15 9 14 28 2 4 12 6 12 2 4 13 2 24 4 19 28 26 26 24 16 27 29 16 16 27 19 22 19 24 0 13 20 20 19 26 7 13 13 25 27 8 25 4 4 12 11 17 13 8 16 25 16 23 12 24 9 9 4 24 12 7 1 10 16 21 6 9 10 8 26 8 4 5 20 21 3 8 22 24 17 24 2 12 7 24 22 24 23 1 16 1 14 13 14 26 14 20 2 9 21 9 12 25 0 3 26 29 23 1 9 29 24 20 29 3 25 21 17 7 23 12 9 22 5 6 16 12 13 26 16 10 13 15 20 14 25 3 19 13 24 24 16 2 4 22 13 29 10 9 5 25 7 29 10 25 15 2 13 12 23 16 14 29 12 29 10 27 11 13 9 23 13 2 0 27 14 24 3 28 6 15 15 5 6 18 9 28 23 6 22 22 11 10 7 26 23 21 14 19 11 1 18 7 8 3 19 27 22 29 15 14 10 13 19 16 6 28 22 12 5 6 11 19 2 28 10 17 19 18 29 20 29 3 29 26 28 10 23 18 4 18 29 21 23 0 3 14 8 14 13 13 13 24 2 9 13 21 26 24 9 8 7 23 27 16 26 20 8 10 4 7 1 21 20 15 27 0
1000
12 9 24 3 21 2 2 17 5 2 24 1 14 19 27 7 17 22 25 10 13 25 22 1 10 14 14 5 22 9 21 29 24 13 25 20 14 25 27 1 22 11 19 7 5 6 17 5 4 11 23 8 9 23 21 18 8 22 23 9 1 13 13 16 27 23 15 18 10 11 0 29 8 24 14 25 4 13 17 9 7 27 2 4 12 4 6 5 10 21 16 15 3 12 12 23 4 28 8 11 26 18 9 22 27 4 1 22 23 1 23 1 21 15 8 16 12 8 5 25 2 8 4 8 26 6 11 25 7 7 9 25 12 9 29 4 14 16 9 27 18 20 29 5 11 14 5 9 5 28 15 29 13 17 24 28 23 14 17 20 0 7 5 11 28 8 20 21 17 29 19 3 23 17 27 6 19 8 1 19 11 11 18 1 16 27 29 3 13 10 6 10 11 25 28 11 7 11 7 25 12 14 6 11 26 24 27 3 19 18 18 21 4 7 9 8 5 27 10 19 21 14 18 26 14 21 11 26 11 12 12 9 22 27 7 8 6 1 13 7 28 29 11 18 27 17 0 1 6 1 26 22 18 29 18 6 23 16 29 27 11 28 15 24 5 2 6 27 12 6 24 13 26 29 20 6 16 23 6 5 28 16 25 7 4 17 2 7 3 5 19 6 9 27 4 17 16 22 7 9 5 28 15 27 25 7 22 17 19 22 28 26 13 26 23 12 23 22 11 16 2 3 0 11 1 8 18 14 15 21 9 29 25 27 8 11 23 2 17 22 24 12 17 27 3 23 7 1 15 19 27 17 7 21 16 10 10 22 20 26 12 3 1 6 11 5 6 12 11 4 28 19 22 14 10 7 11 3 26 24 11 5 23 12 11 4 11 1 8 3 23 25 28 26 5 6 26 0 22 7 19 6 12 2 18 1 23 27 20 4 15 18 29 2 20 19 2 19 25 4 2 27 24 20 6 12 1 28 24 6 29 22 3 23 28 6 27 14 13 4 16 10 26 9 13 1 14 6 11 8 18 5 14 6 22 6 24 15 22 7 24 9 8 18 5 27 28 19 6 28 26 23 8 24 27 29 27 13 1 8 25 16 23 23 13 25 17 20 21 3 4 8 28 3 29 0 12 17 19 29 8 23 21 25 21 17 16 24 6 27 6 20 21 2 13 24 22 21 17 25 14 13 29 5 5 2 16 27 5 15 18 11 4 14 15 26 17 25 25 21 12 14 26 27 17 7 10 22 18 22 9 8 4 25 16 29 6 8 23 15 29 25 9 8 20 29 13 23 4 0 5 19 7 3 2 20 15 10 23 5 14 1 14 9 5 3 13 4 17 19 16 26 6 5 22 20 1 8 10 12 20 28 11 25 4 25 4 8 3 1 27 3 19 7 5 11 22 22 15 10 13 2 12 7 21 19 15 2 26 9 10 7 6 24 15 2 12 9 18 11 13 9 6 17 6 28 24 6 14 15 7 26 29 16 0 2 5 22 8 26 29 2 26 1 25 14 13 1 27 3 24 10 11 6 22 8 15 10 14 5 14 7 29 5 20 21 27 5 12 2 15 16 29 18 17 27 22 16 13 3 19 23 10 23 1 23 29 1 21 11 20 26 24 16 20 8 1 3 9 0 2 17 1 20 7 14 1 16 27 26 7 5 6 5 22 25 28 1 13 22 16 5 6 2 8 10 14 24 17 19 4 2 13 15 4 2 14 15 25 22 28 25 8 24 22 7 12 29 7 2 25 12 8 20 28 14 26 26 17 15 14 8 4 8 12 9 4 6 25 4 0 24 11 7 11 19 20 19 5 6 21 9 26 21 10 12 4 1 20 16 11 5 9 17 20 5 29 18 2 27 21 1 21 5 1 17 26 7 21 17 20 14 12 8 15 5 3 15 27 18 10 25 7 25 21 22 28 17 0 21 3 16 8 9 26 27 2 18 24 21 9 23 21 5 25 4 17 4 24 8 11 18 6 8 16 1 19 13 23 9 22 18 8 11 2 6 23 16 17 5 28 14 5 21 15 28 16 9 5 6 19 3 27 7 5 2 2 12 11 2 20 22 18 21 18 14 27 6 1 21 6 10 8 16 1 7 1 21 17 26 29 27 0 18 18 6 12 3 3 5 3 8 5 3 5 1 19 20 15 5 3 12 15 24 12 2 3 22 27 6 22 19 26 27 19 11 23 23 7 18 15 19 15 14 17 25 19 24 19 14 9 6 13 8 9 23 12 19 13 2 12 21 17 24 29 2 13 0 21 0
1000
12 28 22 17 8 4 22 5 8 7 24 11 7 29 4 4 11 4 20 26 27 17 18 17 14 3 4 7 1 18 29 17 14 24 13 2 28 1 14 19 26 2 21 20 2 10 10 20 24 8 22 1 11 27 29 27 17 8 7 24 0 15 21 7 16 21 29 15 8 19 27 16 10 9 25 12 26 8 18 2 6 7 5 12 5 17 4 19 5 22 9 2 8 11 21 26 18 27 18 16 1 29 4 10 10 15 11 15 7 25 22 24 26 28 1 12 24 12 9 0 1 5 29 27 6 8 25 13 24 7 7 5 9 8 10 2 23 2 9 1 12 26 15 28 17 4 28 17 25 3 3 20 23 10 15 6 20 16 28 19 24 23 16 20 22 17 25 19 27 10 18 22 4 17 2 16 18 5 20 13 7 1 16 5 28 29 27 15 18 0 22 28 16 1 6 3 19 10 24 26 5 11 28 12 19 9 1 8 20 23 3 15 11 9 15 24 2 17 28 19 11 11 3 1 2 24 19 9 1 22 9 13 16 13 12 29 7 26 19 9 23 27 23 25 12 10 15 19 22 0 27 19 14 16 23 13 14 22 26 15 13 24 18 17 24 21 25 3 28 12 4 19 9 7 23 16 29 13 4 22 5 7 20 18 23 22 9 2 20 27 8 3 11 9 10 1 8 2 25 12 2 0 5 27 4 7 29 27 1 19 29 2 21 16 3 18 17 23 16 16 10 15 22 3 24 26 19 4 9 20 11 25 1 2 13 10 24 15 11 13 8 10 17 18 13 11 8 12 18 1 8 18 5 2 3 23 15 19 14 14 5 9 26 29 20 4 8 6 6 4 29 8 6 23 28 12 17 0 2 17 17 16 16 20 17 21 5 4 1 19 24 26 7 15 19 3 27 18 10 22 1 17 1 27 13 11 22 6 8 1 27 20 2 19 13 24 20 10 8 6 25 8 3 23 11 28 21 16 21 9 26 1 6 1 5 3 9 12 16 9 11 5 9 9 28 25 13 11 4 2 9 18 22 16 12 6 9 14 1 10 4 22 6 22 8 25 0 26 23 8 15 6 12 9 20 5 3 19 8 29 12 18 28 5 29 28 5 1 28 22 22 18 9 4 27 13 5 12 20 26 5 29 25 17 8 12 9 9 7 12 10 8 9 12 14 9 6 29 24 12 5 3 3 8 0 10 20 3 16 16 25 13 27 2 10 19 13 11 28 2 11 29 13 10 29 10 9 1 10 7 23 17 20 27 12 27 9 19 24 27 3 26 20 11 16 8 4 28 13 28 3 10 8 3 28 29 25 10 20 24 27 8 19 4 6 27 13 10 29 29 29 21 26 11 25 12 12 29 1 0 15 27 14 18 8 23 4 10 2 15 28 18 2 28 6 14 7 7 2 4 8 6 15 27 19 4 11 16 4 24 20 4 4 10 8 4 1 15 20 11 28 1 2 22 13 6 24 11 25 2 25 19 8 29 24 24 10 15 29 8 16 3 18 23 1 13 13 3 4 4 14 24 16 21 18 22 12 27 25 27 27 11 25 26 0 8 5 3 22 26 27 24 11 1 14 26 12 13 29 6 10 18 4 29 10 22 14 2 15 21 13 8 14 11 25 21 25 10 10 16 18 9 29 24 7 21 8 2 5 24 24 3 4 19 25 5 26 20 9 5 14 27 7 11 11 0 24 17 19 25 5 24 8 20 3 5 3 21 26 21 24 12 23 20 26 6 13 15 3 9 21 16 14 17 17 19 12 12 6 7 13 6 17 21 23 4 2 4 12 11 7 5 7 21 5 9 23 20 23 7 17 27 29 21 18 7 4 22 8 12 4 17 22 19 13 2 8 9 29 14 23 12 0 9 23 12 9 15 1 29 22 6 17 28 23 20 11 19 15 28 9 10 8 19 28 15 23 23 15 29 24 21 16 5 1 24 7 8 25 23 22 24 25 4 12 18 5 6 16 10 9 27 16 20 10 23 3 26 7 24 6 23 26 5 2 23 26 1 20 2 25 17 5 29 5 21 25 5 14 12 19 28 1 9 14 13 7 5 9 20 27 22 12 4 8 2 0 16 5 12 23 7 27 23 18 11 7 8 4 20 1 10 25 16 25 27 16 17 14 27 26 20 1 19 12 24 10 9 23 28 29 29 29 12 18 9 3 6 19 17 2 9 3 1 9 26 12 1 12 3 19 3 11 24 0 29 27 25 27 25 26 2 3 26 12 27 22 28 13 17 4 19 25 2 28 14 29 24 23 0
1000
12 14 22 27 23 8 10 12 3 19 16 11 5 5 7 18 7 7 14 14 23 21 15 25 18 11 27 13 28 2 27 8 9 29 1 26 7 26 19 8 18 9 4 5 9 8 4 29 9 27 21 8 14 20 24 26 4 24 5 3 8 12 26 8 25 27 26 11 7 5 7 29 25 12 29 25 28 5 4 21 27 0 1 4 2 11 1 22 8 14 29 15 16 17 16 9 8 1 9 6 2 28 11 27 26 9 24 22 3 20 24 19 26 3 11 21 22 13 18 7 2 14 13 24 5 18 4 1 29 26 11 16 15 26 2 13 18 17 11 6 7 26 16 18 12 26 25 11 18 16 29 13 11 9 21 13 29 24 22 9 16 29 11 7 23 18 13 28 29 0 12 9 19 6 18 24 28 18 28 10 6 29 25 21 2 23 19 2 18 27 8 3 4 25 28 9 26 13 12 21 21 20 19 18 13 29 4 22 13 17 4 29 15 29 2 1 20 10 29 2 12 13 16 29 8 28 28 1 22 17 6 12 6 6 29 15 5 18 0 6 1 5 21 19 24 19 7 9 7 1 6 3 24 9 22 14 27 23 27 24 25 22 2 9 1 26 7 27 27 2 28 22 14 13 11 26 25 17 20 19 20 18 21 6 28 5 27 25 27 4 2 3 29 15 29 17 23 4 18 2 24 6 16 6 20 1 10 19 0 3 4 21 27 5 1 2 1 12 24 10 2 9 24 4 3 15 9 22 10 13 14 11 20 6 17 11 20 18 14 29 19 29 25 9 17 21 25 23 20 22 14 17 29 21 5 23 19 10 7 2 26 13 27 1 26 17 17 17 27 21 13 23 24 24 22 15 3 25 3 21 14 21 24 21 14 9 22 13 4 22 20 28 12 5 22 19 8 18 27 0 28 16 7 25 8 9 25 18 13 17 8 27 14 1 5 1 25 13 29 15 4 12 23 11 23 2 27 1 19 12 1 1 20 1 14 23 2 15 21 28 10 17 20 7 15 17 16 7 1 0 29 27 3 15 26 4 15 23 9 22 13 8 29 13 28 22 21 2 18 6 13 9 21 7 27 7 21 6 20 16 18 27 18 22 26 17 12 15 12 12 19 12 20 6 21 6 7 28 3 2 12 18 18 25 25 6 14 22 2 4 29 2 3 13 2 1 19 4 2 3 4 18 10 25 15 24 19 3 17 5 25 20 8 21 15 13 24 12 5 24 13 0 8 28 29 13 3 27 29 4 15 23 23 7 4 7 23 2 19 2 16 9 23 15 26 27 20 20 6 16 13 28 18 16 29 18 3 29 23 29 16 3 19 20 10 4 10 28 19 25 9 18 28 29 26 25 8 17 25 18 27 11 17 25 28 15 12 27 12 29 19 14 15 21 4 19 19 14 1 24 20 3 0 5 9 9 1 2 15 24 16 1 19 18 1 26 23 10 1 23 25 23 16 11 24 15 10 12 7 9 15 7 19 3 26 12 8 19 11 17 23 18 5 20 5 2 26 28 19 12 18 7 8 16 27 21 13 5 25 12 5 16 24 19 19 19 9 24 24 16 17 28 4 19 5 25 10 14 24 22 0 13 17 6 18 7 28 4 3 11 19 1 17 29 3 10 22 28 19 11 27 11 27 19 17 7 25 16 29 14 18 15 22 23 27 5 13 12 26 14 14 27 10 12 14 21 2 1 12 16 10 24 17 23 19 11 8 4 11 15 18 29 21 11 23 21 17 4 28 6 23 7 29 20 9 16 2 28 16 15 24 0 7 10 21 12 6 9 22 23 5 10 4 20 20 17 5 12 1 17 13 18 9 19 4 24 14 9 5 15 15 24 3 25 6 20 27 28 14 15 4 7 16 29 5 16 18 3 11 17 18 26 23 12 22 18 17 29 26 4 12 13 23 7 16 25 0 26 12 16 22 27 28 27 26 24 5 23 14 14 9 7 23 9 13 7 14 11 29 6 17 10 20 23 3 21 27 20 15 16 28 13 2 22 26 1 12 22 28 20 8 15 1 7 14 7 18 10 1 1 13 18 3 6 13 17 2 12 9 4 10 18 16 8 2 28 3 12 3 23 18 5 0 28 27 22 6 21 29 11 26 10 11 15 8 19 26 1 10 2 20 24 4 28 28 19 5 14 14 26 23 25 10 9 4 28 12 2 8 24 18 23 19 4 25 6 9 10 5 15 8 27 4 1 8 27 1 21 24 24 9 28 28 21 0 15 11 10 9 16 18 9 17 7 25 3 2 7 22 0
1000
17 18 1 6 8 26 27 26 16 2 25 1 17 28 10 10 9 19 22 13 16 28 7 2 24 29 28 5 1 20 10 9 3 25 7 3 19 2 19 6 22 24 25 17 21 23 29 8 24 12 7 24 14 5 0 4 28 2 8 4 2 12 18 7 14 12 14 27 16 25 18 16 13 12 7 12 27 10 26 24 5 14 24 12 15 3 14 1 13 21 12 8 15 19 29 3 2 13 29 5 29 16 13 1 26 16 10 21 21 12 13 4 10 11 22 1 2 0 23 17 18 6 7 20 9 10 14 12 18 25 26 12 27 29 16 29 21 3 18 22 8 3 15 3 25 28 2 13 11 28 7 17 21 13 28 6 27 24 17 10 6 3 24 15 26 23 14 21 11 11 4 15 25 12 25 2 3 10 12 11 29 24 8 0 4 26 29 18 18 27 10 3 12 25 25 25 3 28 5 29 7 24 25 12 14 13 12 2 8 14 7 10 17 6 23 10 16 1 29 1 26 2 15 4 24 21 15 26 28 29 9 10 15 5 14 22 14 26 9 24 18 28 14 8 12 10 17 26 25 12 12 14 2 28 8 29 4 22 18 15 3 11 2 8 16 14 17 14 8 9 7 5 11 0 12 4 29 4 10 22 10 17 26 20 16 1 23 11 10 14 15 12 24 17 29 10 15 14 19 23 8 26 9 14 11 6 27 26 24 21 14 18 13 28 10 21 8 27 28 18 10 11 14 25 8 16 15 2 17 23 28 29 25 19 21 16 20 27 0 10 11 16 15 16 17 21 13 20 29 5 24 16 7 26 11 7 24 4 6 22 3 28 1 29 7 27 22 25 14 8 1 8 28 21 5 5 4 18 19 29 15 2 24 12 13 22 14 23 21 5 23 17 27 28 28 16 11 5 2 11 5 15 10 25 24 22 10 18 1 1 1 27 24 27 12 17 12 25 25 21 7 2 0 10 21 24 13 16 18 8 1 25 1 17 13 4 14 10 9 18 17 12 5 15 14 18 14 17 25 23 7 10 26 8 11 14 29 23 26 2 5 7 16 12 26 8 8 1 25 4 22 8 10 15 23 21 29 26 4 5 19 16 24 25 21 7 15 13 25 22 29 27 0 6 8 29 3 23 13 24 3 9 7 9 6 25 9 17 8 24 7 11 28 25 22 15 2 28 27 9 11 13 15 29 1 10 20 25 15 8 7 29 16 10 22 9 27 7 4 28 6 5 17 11 28 29 26 8 14 9 24 3 18 19 14 27 16 5 6 17 10 27 1 6 28 4 11 7 29 7 27 7 19 11 19 16 20 27 23 28 14 19 25 14 21 19 23 8 28 0 20 27 8 6 8 14 13 6 7 7 13 5 11 18 21 1 25 3 27 4 5 25 11 22 9 18 1 8 26 22 19 13 25 4 10 2 5 28 1 1 5 27 26 10 3 26 22 3 3 29 21 14 3 24 14 8 16 16 13 18 27 17 8 16 17 18 27 0 2 1 13 9 21 21 25 22 12 4 17 25 4 18 21 21 10 8 13 18 8 29 29 27 27 9 16 23 5 12 14 9 28 1 23 17 2 15 16 26 14 5 20 1 18 4 3 7 4 7 24 7 11 19 5 21 4 11 9 18 15 26 19 16 18 29 3 12 2 7 21 16 23 25 10 15 2 26 29 29 7 21 16 25 27 4 6 2 0 29 21 22 1 10 15 10 11 17 25 24 29 23 21 9 23 16 8 17 20 7 20 21 19 9 29 4 13 17 25 29 25 4 16 2 9 3 4 5 20 14 29 16 21 7 17 26 4 4 0 26 6 24 10 16 28 18 12 19 13 4 21 14 23 4 27 5 15 21 23 27 17 26 8 4 18 22 13 23 25 4 29 22 12 21 11 5 12 9 8 4 4 20 28 14 12 5 18 9 28 13 15 23 1 28 23 8 17 13 23 3 21 1 13 3 27 11 19 29 21 18 23 6 5 24 18 11 18 21 19 14 18 16 25 9 12 2 21 19 16 0 11 6 11 1 29 1 13 23 11 27 12 4 14 4 17 15 14 25 2 5 20 20 10 6 27 24 2 22 11 21 24 13 14 28 22 17 8 17 22 5 14 23 1 28 20 3 12 12 16 5 4 8 6 6 21 1 20 4 13 10 5 8 12 23 21 2 19 28 10 29 16 28 16 5 15 6 12 21 15 11 14 3 22 5 16 0 9 9 28 17 29 23 9 13 2 14 27 16 26 27 11 21 28 21 11 10 9 4 20 25 12 0
1000
4 23 29 29 18 6 6 8 7 3 16 29 20 8 2 5 18 6 5 21 14 7 3 8 26 1 23 24 10 8 28 25 3 3 15 5 13 6 22 18 7 16 14 10 18 5 20 28 20 11 20 16 22 8 12 4 9 0 28 24 18 22 28 22 8 17 9 1 19 20 9 4 8 29 25 21 7 21 12 29 12 28 28 27 12 11 3 24 28 23 23 22 18 12 7 8 23 15 12 19 6 17 1 19 7 8 9 5 17 4 10 21 2 2 16 21 2 26 22 24 1 26 4 15 26 9 8 27 9 28 27 11 25 11 0 4 27 3 21 3 9 4 23 2 1 21 24 16 5 15 16 2 13 25 21 14 10 29 8 9 22 11 13 17 12 18 21 15 21 11 26 9 16 13 18 16 10 9 11 6 4 27 20 29 28 3 28 29 20 3 11 25 16 27 26 19 25 0 21 25 25 27 6 19 7 26 24 6 13 28 6 16 14 6 20 28 16 26 27 19 16 21 14 13 16 19 22 23 7 26 5 1 12 7 3 25 18 8 19 24 13 7 25 27 11 8 12 14 10 1 17 25 17 26 4 7 4 8 21 10 6 11 16 26 9 9 5 17 9 15 17 12 19 19 9 24 1 8 11 4 17 16 4 17 12 2 20 10 28 13 23 14 4 0 16 21 21 29 7 2 2 20 22 22 24 12 3 24 11 24 10 15 23 15 19 10 23 26 9 8 15 5 19 25 4 2 26 11 21 2 2 5 25 16 8 17 9 29 24 24 12 19 24 15 13 17 14 15 17 29 21 3 21 18 1 23 8 16 8 7 28 4 17 11 8 29 10 18 25 12 27 12 26 9 7 8 13 19 27 24 17 27 26 12 0 20 2 29 1 13 7 12 13 5 2 4 19 29 2 5 13 16 9 27 12 15 17 15 2 12 25 4 21 1 24 13 16 2 13 20 27 15 5 15 3 28 26 20 28 13 12 1 11 14 10 19 14 14 14 10 23 23 3 26 10 12 1 17 5 22 23 29 0 26 1 16 18 15 9 17 14 11 19 21 4 23 25 14 9 7 8 9 25 7 18 19 8 19 14 21 8 9 24 6 14 18 25 24 12 7 17 10 14 28 26 2 14 11 25 11 13 29 9 12 24 12 15 22 7 18 28 25 0 4 16 1 26 22 18 13 14 4 7 29 26 16 24 18 1 1 28 26 7 23 14 17 3 10 22 29 18 3 21 20 15 3 29 26 15 29 12 28 24 5 17 3 14 3 28 12 22 8 25 7 9 7 19 26 13 8 14 1 3 28 8 1 0 6 5 9 24 15 4 26 5 10 21 2 3 21 7 6 6 5 16 15 13 2 11 2 26 7 6 15 22 4 10 7 28 21 3 7 21 20 22 19 17 4 21 6 6 14 11 29 11 8 14 17 14 5 23 21 29 1 2 26 8 29 12 17 23 18 23 16 13 25 3 0 1 1 26 5 9 23 11 21 10 17 29 5 1 12 26 25 14 28 8 21 5 13 18 7 19 13 23 22 13 20 1 29 7 9 15 14 12 22 9 5 17 9 28 26 15 7 22 11 26 20 6 19 21 29 21 6 28 3 29 2 11 3 8 27 23 26 5 15 24 26 0 20 29 24 26 8 13 9 25 7 5 26 20 28 28 2 27 1 29 12 12 21 25 7 23 16 22 5 29 22 23 29 4 10 13 16 22 28 28 7 1 8 13 8 20 26 4 17 8 14 20 6 9 12 18 14 13 17 21 18 15 20 28 6 15 14 2 21 23 1 13 14 18 0 11 14 20 28 23 14 4 29 11 8 8 18 14 2 20 6 4 7 1 8 11 29 24 11 5 28 8 17 5 27 25 8 19 2 25 15 17 11 27 1 28 28 1 17 20 12 14 26 18 19 15 21 19 29 19 10 22 15 22 18 3 8 24 7 11 18 28 19 21 10 10 19 15 9 6 9 13 15 27 21 16 1 15 20 1 6 24 18 0 8 8 15 2 4 8 19 6 19 25 1 10 22 4 3 10 4 15 8 13 12 12 19 12 6 29 2 11 11 18 9 4 5 11 13 18 26 28 18 14 3 19 29 22 18 26 26 14 1 2 22 20 9 12 29 21 7 19 3 14 4 6 11 7 1 26 15 2 15 12 12 13 18 28 8 26 17 27 7 4 4 19 9 27 13 29 17 17 0 20 12 28 25 3 19 20 8 21 8 18 18 11 14 1 19 24 10 10 11 13 21 26 6 22 29 24 20 21 0
